function data = data()

data = [
    %a           b       c       PMIN     PMAX       
    0.002       7.2     500     400      550;
    0.0022      7.5     350     100      400;
    0.0035      8.0     100     50       200;];